00       0       0
01       0      19
02       0      10
03       0       6
04       0       4
05       0       3
06       0       3
07       0       2
08       0       2
09       0       2
10       0       1
11       0       1
12       0       1
13       0       1
14       0       1
15       0       1
16       0       0
17       0       0
18       0       0
19       0       0
20       0       0
21       0       0
22       0       0
23       0       0
24       0       0
25       0       0
26       0       0
27       0       0
28       0       0
29       0       0
30       0       0
31       0       0
32       0       0
33       0       0
34       0       0
35       0       0
36       0       0
37       0       0
38       0       0
39       0       0
40       0       0
41       0       0
42       0       0
43       0       0
44       0       0
45       0       0
46       0       0
47       0       0
48       0       0
49       0      -1
50       0      -1
51       0      -1
52       0      -1
53       0      -1
54       0      -1
55       0      -2
56       0      -2
57       0      -2
58       0      -3
59       0      -3
60       0      -4
61       0      -6
62       0     -10
63       0     -19
